2
6
7
1
0,5
1 4
0 1
0 2
1 2
1 3
2 4
3 4
3 5


cliques : [[5, 3, 4], [0, 1, 2]]

1
100
485
5
0,1
20 28
91 17
91 15
91 84
91 63
6 18
6 37
6 64
6 85
6 27
6 21
64 15
64 51
64 2
24 12
24 43
24 37
24 76
24 9
24 46
24 64
24 91
24 51
24 60
24 81
24 58
21 29
21 98
21 75
21 96
21 55
95 19
95 92
95 31
95 80
95 81
95 49
88 77
88 17
88 1
88 61
88 47
88 31
88 23
88 80
88 48
66 57
39 36
92 54
92 89
92 98
92 81
92 82
92 76
92 59
92 1
92 32
92 24
84 17
69 17
69 52
69 76
69 7
69 86
69 10
69 96
69 56
69 2
3 4
3 54
3 30
3 44
3 40
3 68
3 62
3 65
3 87
3 31
3 99
3 2
3 36
31 77
31 45
31 23
31 60
31 81
31 55
31 70
31 90
31 36
31 66
41 61
41 9
41 73
41 86
41 64
41 85
41 70
41 59
10 37
10 86
10 76
10 59
10 64
10 38
10 25
10 79
10 26
10 48
10 0
10 9
10 7
90 91
90 49
90 13
90 22
90 51
48 54
48 82
48 39
48 70
48 45
48 81
48 44
48 5
48 58
48 36
11 24
11 29
11 59
11 68
11 41
11 38
11 62
11 7
11 89
11 45
11 51
11 81
11 25
11 90
61 66
40 4
40 53
40 57
40 15
40 22
40 89
40 23
40 27
35 54
35 39
35 4
35 96
35 64
35 84
35 89
53 63
53 62
53 61
53 22
53 91
53 98
53 82
53 2
53 84
20 30
20 80
20 27
20 83
36 61
36 16
36 89
52 43
52 32
52 45
52 14
52 83
49 67
49 51
50 37
50 38
50 16
50 86
50 62
87 29
94 55
94 0
58 46
58 37
58 34
58 1
58 16
58 32
58 67
58 9
58 70
19 77
19 37
19 29
19 44
19 68
19 65
19 5
19 75
19 1
5 54
5 64
5 16
5 90
5 67
32 37
8 84
8 7
8 47
8 5
8 3
85 61
85 91
12 19
12 59
12 44
12 34
12 22
12 14
12 51
12 60
12 49
13 96
13 17
13 32
13 2
13 57
13 62
98 34
98 17
98 45
98 44
98 60
98 22
4 32
4 1
4 68
4 60
15 39
15 37
15 13
15 57
15 63
56 66
56 44
56 84
56 57
30 17
30 68
30 62
30 14
30 43
72 17
72 58
72 97
72 90
68 57
7 29
7 30
7 68
7 57
7 31
7 75
7 81
7 83
7 63
77 63
77 68
77 62
77 87
77 67
2 62
45 32
0 19
0 38
0 18
0 55
29 96
29 63
14 97
14 49
14 32
42 54
42 15
42 73
42 75
42 84
42 24
55 46
55 18
55 34
55 9
55 51
47 37
47 34
47 98
47 96
47 87
74 97
74 39
74 4
74 34
74 15
74 64
74 44
74 22
74 31
74 63
33 80
33 51
33 96
33 58
33 79
33 6
33 49
33 36
33 54
33 29
33 18
33 95
33 59
33 19
33 16
33 68
33 88
65 2
65 32
65 57
76 54
76 68
76 31
76 14
76 98
76 66
76 43
76 53
38 77
38 18
38 22
38 85
38 75
38 6
38 49
38 43
38 44
38 32
38 3
79 19
79 70
79 49
79 68
79 23
79 57
79 73
79 51
96 57
97 39
97 1
97 27
1 67
26 77
26 4
26 87
26 85
26 89
26 21
26 63
67 68
86 49
86 53
78 39
78 1
78 44
78 40
78 41
78 0
78 7
78 65
78 83
78 79
78 63
99 91
99 70
99 49
59 34
59 13
59 63
17 63
44 17
44 82
44 2
44 66
43 57
43 37
43 63
43 80
43 67
46 56
46 16
75 43
75 85
81 29
81 61
81 55
81 44
81 47
81 57
81 73
25 18
25 82
25 67
25 23
25 62
25 35
25 90
25 13
25 73
71 95
71 30
71 59
71 20
71 94
71 89
71 10
71 83
71 25
71 35
71 36
71 21
73 53
73 57
73 62
73 87
73 51
73 58
73 56
73 36
23 84
23 51
23 2
28 34
28 15
28 64
28 44
28 47
28 27
28 83
28 56
28 84
28 3
28 7
89 80
22 61
22 45
22 36
34 39
34 65
34 87
34 1
34 43
34 84
18 77
18 45
18 51
18 43
27 70
27 2
27 62
60 80
60 87
60 57
9 84
9 96
9 27
9 36
93 46
93 89
93 23
93 63
83 67